45 60
399
1 6 0
1 7 0
2 4 0
3 3 0
3 5 0
3 6 0
3 7 0
3 8 0
3 9 0
4 4 0
4 5 0
4 6 0
4 8 0
5 3 0
5 5 0
5 7 0
6 2 2
6 3 2
6 4 2
6 5 2
6 8 0
6 9 0
6 10 0
6 25 0
6 26 0
6 28 0
6 29 0
7 2 2
7 4 2
7 5 2
7 6 2
7 7 2
7 8 2
7 9 0
7 10 0
7 24 0
7 26 0
7 27 0
7 28 0
7 29 0
7 30 0
8 2 2
8 3 2
8 4 2
8 5 2
8 7 2
8 20 1
8 25 0
8 27 0
8 28 0
8 29 0
8 31 0
8 32 0
9 3 2
9 6 2
9 7 2
9 8 2
9 9 2
9 21 1
9 24 1
9 25 0
9 27 0
9 29 0
9 30 0
9 31 0
9 32 0
9 33 0
9 34 0
10 2 2
10 3 2
10 5 2
10 7 2
10 8 2
10 10 2
10 22 1
10 25 1
10 27 0
10 28 0
10 30 0
10 31 0
10 33 0
10 34 0
10 36 0
10 37 0
11 4 2
11 5 2
11 7 2
11 9 2
11 12 2
11 22 1
11 23 1
11 27 1
11 30 0
11 31 0
11 32 0
11 33 0
11 34 0
12 3 2
12 4 2
12 6 2
12 7 2
12 10 2
12 11 2
12 25 1
12 27 1
12 29 0
12 31 3
12 51 0
12 52 0
12 53 0
13 5 2
13 6 2
13 8 2
13 9 2
13 24 1
13 26 1
13 28 3
13 30 3
13 32 3
13 33 3
14 7 2
14 25 1
14 26 1
14 27 1
14 28 3
14 29 3
14 30 3
14 32 3
14 33 3
14 49 0
14 50 0
14 51 0
14 54 0
14 55 0
14 56 0
15 4 2
15 5 2
15 9 2
15 10 2
15 24 1
15 26 1
15 28 3
15 29 3
15 31 3
15 32 3
15 51 0
15 52 0
15 53 0
16 23 1
16 27 3
16 29 3
16 30 3
16 32 3
16 33 3
16 52 0
16 53 0
16 54 0
17 22 1
17 26 1
17 28 3
17 50 0
17 51 0
17 52 0
17 53 0
17 55 0
17 56 0
17 57 0
18 31 3
18 49 0
18 53 0
18 54 0
18 55 0
18 56 6
19 45 0
19 47 0
19 48 0
19 49 0
19 50 0
19 51 0
19 52 0
19 54 6
19 55 6
19 56 6
20 51 0
20 52 0
20 53 6
20 54 6
21 48 0
21 49 0
21 50 0
21 55 6
21 56 6
21 57 6
22 50 0
22 51 0
22 52 6
22 53 6
23 53 6
23 54 6
23 55 6
23 56 6
24 50 0
24 51 0
24 52 6
24 53 6
25 55 6
25 56 6
25 57 6
26 2 7
26 3 7
26 4 7
26 7 7
26 8 7
26 52 6
26 53 6
26 54 6
27 3 7
27 5 7
27 6 7
27 7 7
27 8 7
28 4 7
28 6 7
28 7 7
28 9 7
28 10 7
28 11 7
28 12 7
28 29 5
28 30 5
29 2 7
29 3 7
29 5 7
29 6 7
29 7 7
29 8 7
29 29 5
29 30 5
29 32 5
29 33 5
29 36 5
30 2 7
30 3 7
30 4 7
30 5 7
30 7 7
30 10 7
30 11 7
30 26 5
30 27 5
30 31 5
30 32 5
30 33 5
30 35 5
31 1 7
31 2 7
31 3 7
31 5 7
31 6 7
31 9 7
31 10 7
31 26 5
31 27 5
31 29 5
31 30 5
31 33 5
31 34 5
32 2 7
32 3 7
32 6 7
32 7 7
32 25 5
32 26 5
32 28 5
32 29 5
32 32 5
32 33 5
33 3 7
33 4 7
33 5 7
33 7 7
33 8 7
33 9 7
33 26 5
33 27 5
33 30 5
33 31 5
33 33 5
34 5 7
34 6 7
34 7 7
34 28 5
34 29 5
34 30 5
34 32 5
34 35 5
35 1 7
35 2 7
35 3 7
35 26 0
35 27 0
35 30 5
35 31 5
35 33 5
35 53 4
36 3 7
36 4 7
36 5 7
36 25 0
36 26 0
36 27 0
36 29 0
36 30 5
36 31 5
36 33 5
36 34 5
36 35 5
36 52 4
36 53 4
36 54 4
36 55 4
37 24 0
37 26 0
37 27 0
37 30 0
37 31 0
37 50 4
37 53 4
37 54 4
37 55 4
37 56 4
38 23 0
38 29 0
38 30 0
38 31 0
38 33 0
38 34 0
38 35 0
38 48 4
38 51 4
38 52 4
38 53 4
38 54 4
38 55 4
39 21 0
39 26 0
39 27 0
39 28 0
39 29 0
39 30 0
39 31 0
39 33 0
39 34 0
39 35 0
39 49 4
39 50 4
39 51 4
39 54 4
39 55 4
39 56 4
39 57 4
40 32 0
40 48 4
40 51 4
40 52 4
40 53 4
40 54 4
41 26 0
41 27 0
41 29 0
41 30 0
41 31 0
41 47 4
41 49 4
41 52 4
41 55 4
41 56 4
41 57 4
41 58 4
42 28 0
42 29 0
42 30 0
42 32 0
42 33 0
42 34 0
42 50 4
42 53 4
42 54 4
42 55 4
42 56 4
43 26 0
43 27 0
43 30 0
43 31 0
43 49 4
43 52 4
43 53 4
43 54 4
43 55 4
