	*************** Result of iteration 1 ***************
                                                            
      22                                                    
    2                                                       
   2 22222                                                  
    222 2                                                   
   2 2 2                                                    
  2222  222              11 11                              
  2 2222222             1 11111                             
  2222 2            1    1 111 33                           
   2  2222           1  11 1 133333                         
  22 2 22 2           1  1 11 33 33 33                      
    22 2 2  2         11   1  33333                         
   22 22  22             1 1 1 3                   666      
     22 22              1 1 1 3 33                          
       2                 111133 33               666  666   
    22   22             1 1 13 33                  666      
                       1   1 33 33                  666     
                      1   1 3                     6666 666  
                               3                 4   6666   
                                             4 444444 666   
                                                   4444     
                                                444    446  
                                                  4444      
                                                     4444   
                                                  4444      
                                                       444  
  222  27                                           444     
   2 2777                                                   
    7 77 7777                77                             
  77 7777                    77 77  5                       
  7777 7  77              77   775 5                        
 777 77  77               77 77  55                         
  77  77                 77 77  55                          
   777 777                77  77 5                          
     777                    777 5  5                        
 777                      77  75 5                   4      
   777                   777 755 555                4444    
                        7 77  55                  4  4444   
                       7     555 555            4  44444    
                     7    777555 555             444  4444  
                                5               5  4444     
                          77 555               5 5  4  4444 
                            555 555               5  4444   
                          75  55                 5  5444    
                                                            
	*************** Result of iteration 2 ***************
                                                            
                                                            
                                                            
                                                            
                                                            
                                                            
  2222                                                      
  2 222222              1                                   
  2222 2            1    1                                  
   2  2222           1  11                                  
  22 2 22 2           1  1 1                                
    22 2 2  2         11   1  33333                         
   22 22  22             1 1 3 3                            
     22 22              1 1 1 3 33                          
       2                 111133 33                    666   
    22   22             1 1 33 33                           
                       1   1 33 33                   66     
                      1   1 3                       66 666  
                               3                     6666   
                                                    6 666   
                                                     66     
                                                       666  
                                                            
                                                            
                                                            
                                                       444  
  777  77                                           444     
   7 7777                                                   
    7 77 7777                55                             
  77 7777                    55 55  5                       
  7777 7  77                   555 5                        
 777 77  77                  55  55                         
  77  77                        55                          
   777 777                    55 5                          
     777                      5 5  5                        
 777                          55 5                   4      
   777                        55 555                4444    
                               5                  4  4444   
                               5 555            4  44444    
                                 555             444  4444  
                                                4  4444     
                                               4 4  4  4444 
                                  5               4  4444   
                                                 4  4444    
                                                            
	*************** Result of iteration 3 ***************
                                                            
                                                            
                                                            
                                                            
                                                            
                                                            
  2222                                                      
  2 22222                                                   
  2222 2            1                                       
   2  2222           1  11                                  
  22 2 22 2           1  1                                  
    22 2 2  2         11   1                                
   22 22  22             1 1 3 3                            
     22 22              1 1 3 3 33                          
       2                 111333 33                      6   
    22   22             1 1 33 33                           
                       1   1 33 33                    6     
                      1   1 3                        6 666  
                               3                     6666   
                                                    6 666   
                                                     66     
                                                       666  
                                                            
                                                      666   
                                                            
                                                       666  
  777  77                                                   
   7 7777                                                   
    7 77 7777                55                             
  77 7777                    55 55  5                       
  7777 7  77              55   555 5                        
 777 77  77               55 55  55                         
  77  77                  5 55  55                          
   777 777                 5  55 5                          
     777                    555 5  5                        
 777                          55 5                   4      
   777                       555 555                4444    
                               5                  4  4444   
                                  55            4  44444    
                                                 444  4444  
                                                4  4444     
                                               4 4  4  4444 
                                                  4  4444   
                                                 4  4444    
                                                            
	*************** Result of iteration 4 ***************
                                                            
                                                            
                                                            
                                                            
                                                            
                                                            
  2222                                                      
  2 22222                                                   
  2222 2            1                                       
   2  2222           1  1                                   
  22 2 22 2           1  1                                  
    22 2 2  2         11   1                                
   22 22  22             1 1   3                            
     22 22              1 1 3 3 33                          
       2                 111333 33                          
    22   22             1 1 33 33                           
                       1   3 33 33                          
                      1   1 3                          666  
                               3                     6666   
                                                    6 666   
                                                    666     
                                                       666  
                                                     6      
                                                     6666   
                                                     6      
                                                       666  
  777  77                                             6     
   7 7777                                                   
    7 77 7777                55                             
  77 7777                    55 55  5                       
  7777 7  77              55   555 5                        
 777 77  77               55 55  55                         
  77  77                 55 55  55                          
   777 777                55  55 5                          
     777                    555 5  5                        
 777                          55 5                   4      
   777                       555 555                4444    
                                                  4  4444   
                                                4  44444    
                                                 444  4444  
                                                4  4444     
                                               4 4  4  4444 
                                                  4  4444   
                                                 4  4444    
                                                            
	*************** Result of iteration 5 ***************
                                                            
                                                            
                                                            
                                                            
                                                            
                                                            
  2222                                                      
  2 22222                                                   
  2222 2            1                                       
   2  2222           1  1                                   
  22 2 22 2           1  1                                  
    22 2 2  2         11   1                                
   22 22  22             1 1   3                            
     22 22              1 1 3 3 33                          
       2                 111333 33                          
    22   22             1 1 33 33                           
                       1   3 33 33                          
                      1   1 3                           66  
                               3                      666   
                                                    6 666   
                                                    666     
                                                       666  
                                                    66      
                                                     6666   
                                                    66      
                                                       666  
  777  77                                            66     
   7 7777                                                   
    7 77 7777                55                             
  77 7777                    55 55  5                       
  7777 7  77              55   555 5                        
 777 77  77               55 55  55                         
  77  77                 55 55  55                          
   777 777                55  55 5                          
     777                    555 5  5                        
 777                          55 5                   4      
   777                        55 555                4444    
                                                  4  4444   
                                                4  44444    
                                                 444  4444  
                                                4  4444     
                                               4 4  4  4444 
                                                  4  4444   
                                                 4  4444    
                                                            
	*************** Result of iteration 6 ***************
                                                            
                                                            
                                                            
                                                            
                                                            
                                                            
  2222                                                      
  2 22222                                                   
  2222 2            1                                       
   2  2222           1  1                                   
  22 2 22 2           1  1                                  
    22 2 2  2         11   1                                
   22 22  22             1 1   3                            
     22 22              1 1 3 3 33                          
       2                 111333 33                          
    22   22             1 1 33 33                           
                       1   3 33 33                          
                      1   1 3                            6  
                               3                      666   
                                                      666   
                                                    666     
                                                       666  
                                                    66      
                                                     6666   
                                                    66      
                                                       666  
  777  77                                           666     
   7 7777                                                   
    7 77 7777                55                             
  77 7777                    55 55  5                       
  7777 7  77              55   555 5                        
 777 77  77               55 55  55                         
  77  77                 55 55  55                          
   777 777                55  55 5                          
     777                    555 5  5                        
 777                          55 5                   4      
   777                        55 555                4444    
                                                  4  4444   
                                                4  44444    
                                                 444  4444  
                                                4  4444     
                                               4 4  4  4444 
                                                  4  4444   
                                                 4  4444    
                                                            
	*************** Result of iteration 7 ***************
                                                            
                                                            
                                                            
                                                            
                                                            
                                                            
  2222                                                      
  2 22222                                                   
  2222 2            1                                       
   2  2222           1  1                                   
  22 2 22 2           1  1                                  
    22 2 2  2         11   1                                
   22 22  22             1 1   3                            
     22 22              1 1 3 3 33                          
       2                 111333 33                          
    22   22             1 1 33 33                           
                       1   3 33 33                          
                      1   1 3                               
                               3                       66   
                                                      666   
                                                     66     
                                                       666  
                                                    66      
                                                     6666   
                                                    66      
                                                       666  
  777  77                                           666     
   7 7777                                                   
    7 77 7777                55                             
  77 7777                    55 55  5                       
  7777 7  77              55   555 5                        
 777 77  77               55 55  55                         
  77  77                 55 55  55                          
   777 777                55  55 5                          
     777                    555 5  5                        
 777                          55 5                   4      
   777                        55 555                4444    
                                                  4  4444   
                                                4  44444    
                                                 444  4444  
                                                4  4444     
                                               4 4  4  4444 
                                                  4  4444   
                                                 4  4444    
                                                            
	*************** Result of iteration 8 ***************
                                                            
                                                            
                                                            
                                                            
                                                            
                                                            
  2222                                                      
  2 22222                                                   
  2222 2            1                                       
   2  2222           1  1                                   
  22 2 22 2           1  1                                  
    22 2 2  2         11   1                                
   22 22  22             1 1   3                            
     22 22              1 1 3 3 33                          
       2                 111333 33                          
    22   22             1 1 33 33                           
                       1   3 33 33                          
                      1   1 3                               
                               3                        6   
                                                      666   
                                                     66     
                                                       666  
                                                    66      
                                                     6666   
                                                    66      
                                                       666  
  777  77                                           666     
   7 7777                                                   
    7 77 7777                55                             
  77 7777                    55 55  5                       
  7777 7  77              55   555 5                        
 777 77  77               55 55  55                         
  77  77                 55 55  55                          
   777 777                55  55 5                          
     777                    555 5  5                        
 777                          55 5                   4      
   777                        55 555                4444    
                                                  4  4444   
                                                4  44444    
                                                 444  4444  
                                                4  4444     
                                               4 4  4  4444 
                                                  4  4444   
                                                 4  4444    
                                                            
	*************** Result of iteration 9 ***************
                                                            
                                                            
                                                            
                                                            
                                                            
                                                            
  2222                                                      
  2 22222                                                   
  2222 2            1                                       
   2  2222           1  1                                   
  22 2 22 2           1  1                                  
    22 2 2  2         11   1                                
   22 22  22             1 1   3                            
     22 22              1 1 3 3 33                          
       2                 111333 33                          
    22   22             1 1 33 33                           
                       1   3 33 33                          
                      1   1 3                               
                               3                        6   
                                                      666   
                                                     66     
                                                       666  
                                                    66      
                                                     6666   
                                                    66      
                                                       666  
  777  77                                           666     
   7 7777                                                   
    7 77 7777                55                             
  77 7777                    55 55  5                       
  7777 7  77              55   555 5                        
 777 77  77               55 55  55                         
  77  77                 55 55  55                          
   777 777                55  55 5                          
     777                    555 5  5                        
 777                          55 5                   4      
   777                        55 555                4444    
                                                  4  4444   
                                                4  44444    
                                                 444  4444  
                                                4  4444     
                                               4 4  4  4444 
                                                  4  4444   
                                                 4  4444    
                                                            
	*************** Result of iteration 10 ***************
                                                            
                                                            
                                                            
                                                            
                                                            
                                                            
  2222                                                      
  2 22222                                                   
  2222 2            1                                       
   2  2222           1  1                                   
  22 2 22 2           1  1                                  
    22 2 2  2         11   1                                
   22 22  22             1 1   3                            
     22 22              1 1 3 3 33                          
       2                 111333 33                          
    22   22             1 1 33 33                           
                       1   3 33 33                          
                      1   1 3                               
                               3                        6   
                                                      666   
                                                     66     
                                                       666  
                                                    66      
                                                     6666   
                                                    66      
                                                       666  
  777  77                                           666     
   7 7777                                                   
    7 77 7777                55                             
  77 7777                    55 55  5                       
  7777 7  77              55   555 5                        
 777 77  77               55 55  55                         
  77  77                 55 55  55                          
   777 777                55  55 5                          
     777                    555 5  5                        
 777                          55 5                   4      
   777                        55 555                4444    
                                                  4  4444   
                                                4  44444    
                                                 444  4444  
                                                4  4444     
                                               4 4  4  4444 
                                                  4  4444   
                                                 4  4444    
                                                            
	*************** Result of iteration 11 ***************
                                                            
                                                            
                                                            
                                                            
                                                            
                                                            
  2222                                                      
  2 22222                                                   
  2222 2            1                                       
   2  2222           1  1                                   
  22 2 22 2           1  1                                  
    22 2 2  2         11   1                                
   22 22  22             1 1   3                            
     22 22              1 1 3 3 33                          
       2                 111333 33                          
    22   22             1 1 33 33                           
                       1   3 33 33                          
                      1   1 3                               
                               3                        6   
                                                      666   
                                                     66     
                                                       666  
                                                    66      
                                                     6666   
                                                    66      
                                                       666  
  777  77                                           666     
   7 7777                                                   
    7 77 7777                55                             
  77 7777                    55 55  5                       
  7777 7  77              55   555 5                        
 777 77  77               55 55  55                         
  77  77                 55 55  55                          
   777 777                55  55 5                          
     777                    555 5  5                        
 777                          55 5                   4      
   777                        55 555                4444    
                                                  4  4444   
                                                4  44444    
                                                 444  4444  
                                                4  4444     
                                               4 4  4  4444 
                                                  4  4444   
                                                 4  4444    
                                                            
	*************** Result of iteration 12 ***************
                                                            
                                                            
                                                            
                                                            
                                                            
                                                            
  2222                                                      
  2 22222                                                   
  2222 2            1                                       
   2  2222           1  1                                   
  22 2 22 2           1  1                                  
    22 2 2  2         11   1                                
   22 22  22             1 1   3                            
     22 22              1 1 3 3 33                          
       2                 111333 33                          
    22   22             1 1 33 33                           
                       1   3 33 33                          
                      1   1 3                               
                               3                        6   
                                                      666   
                                                     66     
                                                       666  
                                                    66      
                                                     6666   
                                                    66      
                                                       666  
  777  77                                           666     
   7 7777                                                   
    7 77 7777                55                             
  77 7777                    55 55  5                       
  7777 7  77              55   555 5                        
 777 77  77               55 55  55                         
  77  77                 55 55  55                          
   777 777                55  55 5                          
     777                    555 5  5                        
 777                          55 5                   4      
   777                        55 555                4444    
                                                  4  4444   
                                                4  44444    
                                                 444  4444  
                                                4  4444     
                                               4 4  4  4444 
                                                  4  4444   
                                                 4  4444    
                                                            
	*************** Result of iteration 13 ***************
                                                            
                                                            
                                                            
                                                            
                                                            
                                                            
  2222                                                      
  2 22222                                                   
  2222 2            1                                       
   2  2222           1  1                                   
  22 2 22 2           1  1                                  
    22 2 2  2         11   1                                
   22 22  22             1 1   3                            
     22 22              1 1 3 3 33                          
       2                 111333 33                          
    22   22             1 1 33 33                           
                       1   3 33 33                          
                      1   1 3                               
                               3                        6   
                                                      666   
                                                     66     
                                                       666  
                                                    66      
                                                     6666   
                                                    66      
                                                       666  
  777  77                                           666     
   7 7777                                                   
    7 77 7777                55                             
  77 7777                    55 55  5                       
  7777 7  77              55   555 5                        
 777 77  77               55 55  55                         
  77  77                 55 55  55                          
   777 777                55  55 5                          
     777                    555 5  5                        
 777                          55 5                   4      
   777                        55 555                4444    
                                                  4  4444   
                                                4  44444    
                                                 444  4444  
                                                4  4444     
                                               4 4  4  4444 
                                                  4  4444   
                                                 4  4444    
                                                            
	*************** Result of iteration 14 ***************
                                                            
                                                            
                                                            
                                                            
                                                            
                                                            
  2222                                                      
  2 22222                                                   
  2222 2            1                                       
   2  2222           1  1                                   
  22 2 22 2           1  1                                  
    22 2 2  2         11   1                                
   22 22  22             1 1   3                            
     22 22              1 1 3 3 33                          
       2                 111333 33                          
    22   22             1 1 33 33                           
                       1   3 33 33                          
                      1   1 3                               
                               3                        6   
                                                      666   
                                                     66     
                                                       666  
                                                    66      
                                                     6666   
                                                    66      
                                                       666  
  777  77                                           666     
   7 7777                                                   
    7 77 7777                55                             
  77 7777                    55 55  5                       
  7777 7  77              55   555 5                        
 777 77  77               55 55  55                         
  77  77                 55 55  55                          
   777 777                55  55 5                          
     777                    555 5  5                        
 777                          55 5                   4      
   777                        55 555                4444    
                                                  4  4444   
                                                4  44444    
                                                 444  4444  
                                                4  4444     
                                               4 4  4  4444 
                                                  4  4444   
                                                 4  4444    
                                                            
	*************** Result of iteration 15 ***************
                                                            
                                                            
                                                            
                                                            
                                                            
                                                            
  2222                                                      
  2 22222                                                   
  2222 2            1                                       
   2  2222           1  1                                   
  22 2 22 2           1  1                                  
    22 2 2  2         11   1                                
   22 22  22             1 1   3                            
     22 22              1 1 3 3 33                          
       2                 111333 33                          
    22   22             1 1 33 33                           
                       1   3 33 33                          
                      1   1 3                               
                               3                        6   
                                                      666   
                                                     66     
                                                       666  
                                                    66      
                                                     6666   
                                                    66      
                                                       666  
  777  77                                           666     
   7 7777                                                   
    7 77 7777                55                             
  77 7777                    55 55  5                       
  7777 7  77              55   555 5                        
 777 77  77               55 55  55                         
  77  77                 55 55  55                          
   777 777                55  55 5                          
     777                    555 5  5                        
 777                          55 5                   4      
   777                        55 555                4444    
                                                  4  4444   
                                                4  44444    
                                                 444  4444  
                                                4  4444     
                                               4 4  4  4444 
                                                  4  4444   
                                                 4  4444    
                                                            
	*************** Result of iteration 16 ***************
                                                            
                                                            
                                                            
                                                            
                                                            
                                                            
  2222                                                      
  2 22222                                                   
  2222 2            1                                       
   2  2222           1  1                                   
  22 2 22 2           1  1                                  
    22 2 2  2         11   1                                
   22 22  22             1 1   3                            
     22 22              1 1 3 3 33                          
       2                 111333 33                          
    22   22             1 1 33 33                           
                       1   3 33 33                          
                      1   1 3                               
                               3                        6   
                                                      666   
                                                     66     
                                                       666  
                                                    66      
                                                     6666   
                                                    66      
                                                       666  
  777  77                                           666     
   7 7777                                                   
    7 77 7777                55                             
  77 7777                    55 55  5                       
  7777 7  77              55   555 5                        
 777 77  77               55 55  55                         
  77  77                 55 55  55                          
   777 777                55  55 5                          
     777                    555 5  5                        
 777                          55 5                   4      
   777                        55 555                4444    
                                                  4  4444   
                                                4  44444    
                                                 444  4444  
                                                4  4444     
                                               4 4  4  4444 
                                                  4  4444   
                                                 4  4444    
                                                            
	*************** Result of iteration 17 ***************
                                                            
                                                            
                                                            
                                                            
                                                            
                                                            
  2222                                                      
  2 22222                                                   
  2222 2            1                                       
   2  2222           1  1                                   
  22 2 22 2           1  1                                  
    22 2 2  2         11   1                                
   22 22  22             1 1   3                            
     22 22              1 1 3 3 33                          
       2                 111333 33                          
    22   22             1 1 33 33                           
                       1   3 33 33                          
                      1   1 3                               
                               3                        6   
                                                      666   
                                                     66     
                                                       666  
                                                    66      
                                                     6666   
                                                    66      
                                                       666  
  777  77                                           666     
   7 7777                                                   
    7 77 7777                55                             
  77 7777                    55 55  5                       
  7777 7  77              55   555 5                        
 777 77  77               55 55  55                         
  77  77                 55 55  55                          
   777 777                55  55 5                          
     777                    555 5  5                        
 777                          55 5                   4      
   777                        55 555                4444    
                                                  4  4444   
                                                4  44444    
                                                 444  4444  
                                                4  4444     
                                               4 4  4  4444 
                                                  4  4444   
                                                 4  4444    
                                                            
	*************** Result of iteration 18 ***************
                                                            
                                                            
                                                            
                                                            
                                                            
                                                            
  2222                                                      
  2 22222                                                   
  2222 2            1                                       
   2  2222           1  1                                   
  22 2 22 2           1  1                                  
    22 2 2  2         11   1                                
   22 22  22             1 1   3                            
     22 22              1 1 3 3 33                          
       2                 111333 33                          
    22   22             1 1 33 33                           
                       1   3 33 33                          
                      1   1 3                               
                               3                        6   
                                                      666   
                                                     66     
                                                       666  
                                                    66      
                                                     6666   
                                                    66      
                                                       666  
  777  77                                           666     
   7 7777                                                   
    7 77 7777                55                             
  77 7777                    55 55  5                       
  7777 7  77              55   555 5                        
 777 77  77               55 55  55                         
  77  77                 55 55  55                          
   777 777                55  55 5                          
     777                    555 5  5                        
 777                          55 5                   4      
   777                        55 555                4444    
                                                  4  4444   
                                                4  44444    
                                                 444  4444  
                                                4  4444     
                                               4 4  4  4444 
                                                  4  4444   
                                                 4  4444    
                                                            
	*************** Result of iteration 19 ***************
                                                            
                                                            
                                                            
                                                            
                                                            
                                                            
  2222                                                      
  2 22222                                                   
  2222 2            1                                       
   2  2222           1  1                                   
  22 2 22 2           1  1                                  
    22 2 2  2         11   1                                
   22 22  22             1 1   3                            
     22 22              1 1 3 3 33                          
       2                 111333 33                          
    22   22             1 1 33 33                           
                       1   3 33 33                          
                      1   1 3                               
                               3                        6   
                                                      666   
                                                     66     
                                                       666  
                                                    66      
                                                     6666   
                                                    66      
                                                       666  
  777  77                                           666     
   7 7777                                                   
    7 77 7777                55                             
  77 7777                    55 55  5                       
  7777 7  77              55   555 5                        
 777 77  77               55 55  55                         
  77  77                 55 55  55                          
   777 777                55  55 5                          
     777                    555 5  5                        
 777                          55 5                   4      
   777                        55 555                4444    
                                                  4  4444   
                                                4  44444    
                                                 444  4444  
                                                4  4444     
                                               4 4  4  4444 
                                                  4  4444   
                                                 4  4444    
                                                            
	*************** Result of iteration 20 ***************
                                                            
                                                            
                                                            
                                                            
                                                            
                                                            
  2222                                                      
  2 22222                                                   
  2222 2            1                                       
   2  2222           1  1                                   
  22 2 22 2           1  1                                  
    22 2 2  2         11   1                                
   22 22  22             1 1   3                            
     22 22              1 1 3 3 33                          
       2                 111333 33                          
    22   22             1 1 33 33                           
                       1   3 33 33                          
                      1   1 3                               
                               3                        6   
                                                      666   
                                                     66     
                                                       666  
                                                    66      
                                                     6666   
                                                    66      
                                                       666  
  777  77                                           666     
   7 7777                                                   
    7 77 7777                55                             
  77 7777                    55 55  5                       
  7777 7  77              55   555 5                        
 777 77  77               55 55  55                         
  77  77                 55 55  55                          
   777 777                55  55 5                          
     777                    555 5  5                        
 777                          55 5                   4      
   777                        55 555                4444    
                                                  4  4444   
                                                4  44444    
                                                 444  4444  
                                                4  4444     
                                               4 4  4  4444 
                                                  4  4444   
                                                 4  4444    
                                                            
	*************** Result of iteration 21 ***************
                                                            
                                                            
                                                            
                                                            
                                                            
                                                            
  2222                                                      
  2 22222                                                   
  2222 2            1                                       
   2  2222           1  1                                   
  22 2 22 2           1  1                                  
    22 2 2  2         11   1                                
   22 22  22             1 1   3                            
     22 22              1 1 3 3 33                          
       2                 111333 33                          
    22   22             1 1 33 33                           
                       1   3 33 33                          
                      1   1 3                               
                               3                        6   
                                                      666   
                                                     66     
                                                       666  
                                                    66      
                                                     6666   
                                                    66      
                                                       666  
  777  77                                           666     
   7 7777                                                   
    7 77 7777                55                             
  77 7777                    55 55  5                       
  7777 7  77              55   555 5                        
 777 77  77               55 55  55                         
  77  77                 55 55  55                          
   777 777                55  55 5                          
     777                    555 5  5                        
 777                          55 5                   4      
   777                        55 555                4444    
                                                  4  4444   
                                                4  44444    
                                                 444  4444  
                                                4  4444     
                                               4 4  4  4444 
                                                  4  4444   
                                                 4  4444    
                                                            
	*************** Result of iteration 22 ***************
                                                            
                                                            
                                                            
                                                            
                                                            
                                                            
  2222                                                      
  2 22222                                                   
  2222 2            1                                       
   2  2222           1  1                                   
  22 2 22 2           1  1                                  
    22 2 2  2         11   1                                
   22 22  22             1 1   3                            
     22 22              1 1 3 3 33                          
       2                 111333 33                          
    22   22             1 1 33 33                           
                       1   3 33 33                          
                      1   1 3                               
                               3                        6   
                                                      666   
                                                     66     
                                                       666  
                                                    66      
                                                     6666   
                                                    66      
                                                       666  
  777  77                                           666     
   7 7777                                                   
    7 77 7777                55                             
  77 7777                    55 55  5                       
  7777 7  77              55   555 5                        
 777 77  77               55 55  55                         
  77  77                 55 55  55                          
   777 777                55  55 5                          
     777                    555 5  5                        
 777                          55 5                   4      
   777                        55 555                4444    
                                                  4  4444   
                                                4  44444    
                                                 444  4444  
                                                4  4444     
                                               4 4  4  4444 
                                                  4  4444   
                                                 4  4444    
                                                            
	*************** Result of iteration 23 ***************
                                                            
                                                            
                                                            
                                                            
                                                            
                                                            
  2222                                                      
  2 22222                                                   
  2222 2            1                                       
   2  2222           1  1                                   
  22 2 22 2           1  1                                  
    22 2 2  2         11   1                                
   22 22  22             1 1   3                            
     22 22              1 1 3 3 33                          
       2                 111333 33                          
    22   22             1 1 33 33                           
                       1   3 33 33                          
                      1   1 3                               
                               3                        6   
                                                      666   
                                                     66     
                                                       666  
                                                    66      
                                                     6666   
                                                    66      
                                                       666  
  777  77                                           666     
   7 7777                                                   
    7 77 7777                55                             
  77 7777                    55 55  5                       
  7777 7  77              55   555 5                        
 777 77  77               55 55  55                         
  77  77                 55 55  55                          
   777 777                55  55 5                          
     777                    555 5  5                        
 777                          55 5                   4      
   777                        55 555                4444    
                                                  4  4444   
                                                4  44444    
                                                 444  4444  
                                                4  4444     
                                               4 4  4  4444 
                                                  4  4444   
                                                 4  4444    
                                                            
	*************** Result of iteration 24 ***************
                                                            
                                                            
                                                            
                                                            
                                                            
                                                            
  2222                                                      
  2 22222                                                   
  2222 2            1                                       
   2  2222           1  1                                   
  22 2 22 2           1  1                                  
    22 2 2  2         11   1                                
   22 22  22             1 1   3                            
     22 22              1 1 3 3 33                          
       2                 111333 33                          
    22   22             1 1 33 33                           
                       1   3 33 33                          
                      1   1 3                               
                               3                        6   
                                                      666   
                                                     66     
                                                       666  
                                                    66      
                                                     6666   
                                                    66      
                                                       666  
  777  77                                           666     
   7 7777                                                   
    7 77 7777                55                             
  77 7777                    55 55  5                       
  7777 7  77              55   555 5                        
 777 77  77               55 55  55                         
  77  77                 55 55  55                          
   777 777                55  55 5                          
     777                    555 5  5                        
 777                          55 5                   4      
   777                        55 555                4444    
                                                  4  4444   
                                                4  44444    
                                                 444  4444  
                                                4  4444     
                                               4 4  4  4444 
                                                  4  4444   
                                                 4  4444    
                                                            
	*************** Result of iteration 25 ***************
                                                            
                                                            
                                                            
                                                            
                                                            
                                                            
  2222                                                      
  2 22222                                                   
  2222 2            1                                       
   2  2222           1  1                                   
  22 2 22 2           1  1                                  
    22 2 2  2         11   1                                
   22 22  22             1 1   3                            
     22 22              1 1 3 3 33                          
       2                 111333 33                          
    22   22             1 1 33 33                           
                       1   3 33 33                          
                      1   1 3                               
                               3                        6   
                                                      666   
                                                     66     
                                                       666  
                                                    66      
                                                     6666   
                                                    66      
                                                       666  
  777  77                                           666     
   7 7777                                                   
    7 77 7777                55                             
  77 7777                    55 55  5                       
  7777 7  77              55   555 5                        
 777 77  77               55 55  55                         
  77  77                 55 55  55                          
   777 777                55  55 5                          
     777                    555 5  5                        
 777                          55 5                   4      
   777                        55 555                4444    
                                                  4  4444   
                                                4  44444    
                                                 444  4444  
                                                4  4444     
                                               4 4  4  4444 
                                                  4  4444   
                                                 4  4444    
                                                            
